---
title:  Group meetings by phone
layout: page
---


If you don't have internet access, you can connect to our class meetings or drop-in hours by phone.

(In addition to the numbers listed below, you can use [this link](https://holycross.zoom.us/u/aBCV0bQDC) to find a local number.)



## Group meetings

One tap mobile:

- +16465588656,,945550209# US (New York)
- +13126266799,,945550209# US (Chicago)

Dial by your location, with meeting ID 945 550 209:

- +1 646 558 8656 US (New York)
- +1 312 626 6799 US (Chicago)
- +1 669 900 6833 US (San Jose)
- +1 253 215 8782 US
- +1 301 715 8592 US
- +1 346 248 7799 US (Houston)


### Drop-in hours

-  link for [drop-in hours](https://holycross.zoom.us/j/728661510) (M-Th, 3:00-4:00 eastern times; meeting ID 728 661 510).  Phone options for drop-in hours if you can't get on line:

One tap mobile

- +13126266799,,728661510# US (Chicago)
- +16465588656,,728661510# US (New York)

Dial by your location, with meeting ID 728 661 510

- +1 312 626 6799 US (Chicago)
- +1 646 558 8656 US (New York)
- +1 346 248 7799 US (Houston)
- +1 669 900 6833 US (San Jose)
- +1 253 215 8782 US
- +1 301 715 8592 US
